0.0414
0.0453
0.042
0.0303
0.0576
0.048
0.0447
0.0368
0.0461
0.0633
0.0513
0.0554
0.0432
0.0275
0.0396
0.0441
0.0305
0.0412
0.0422
0.0457
0.025
0.0298
0.0483
0.0529
0.059
0.0317
0.0616
0.0421
0.0633
0.0295
0.0434
0.0794
0.0461
0.026
0.0447
0.0484
0.0307
0.044
0.0369
0.0412
0.059
0.0262
0.0502
0.0484
0.0408
0.0503
0.0307
0.0367
0.0239
0.0565
0.0544
0.0538
0.0435
0.0374
0.0745
0.029
0.032
0.0544
0.0568
0.0478
0.0368
0.0543
0.0571
0.0337
0.0494
0.0531
0.075
0.0439
0.0724
0.0395
0.0279
0.0485
0.0506
0.0444
0.052
0.0433
0.0317
0.0555
0.0513
0.056
0.032
0.0436
0.0476
0.0421
0.0568
0.0382
0.0381
0.0587
0.0304
0.0432
0.0323
0.0667
0.0339
0.029
0.0349
0.0524
0.032
0.0352
0.0457
0.0361
0.0445
