0.038475
0.0362
0.045825
0.0343
0.042875
0.05245
0.0442
0.04825
0.056825
0.04025
0.037925
0.0474
0.045625
0.044325
0.03475
0.036725
0.041725
0.046825
0.049275
0.051975
0.04765
0.046575
0.0531
0.049475
0.031125
0.03945
0.044225
0.047425
0.035575
0.038325
0.053225
0.0369
0.03945
0.0472
0.0478
0.046425
0.045425
0.0398
0.0425
0.0404
0.040075
0.03415
0.044275
0.05475
0.03485
0.040225
0.048325
0.0472
0.041775
0.047775
0.05175
0.0404
0.0459
0.0419
0.049725
0.039975
0.042625
0.046875
0.054325
0.040925
0.051675
0.044725
0.048425
0.04165
0.0291
0.042825
0.0516
0.04125
0.0475
0.038675
0.0423
0.045775
0.0349
0.045775
0.04425
0.0404
0.03685
0.047875
0.042875
0.044825
0.04015
0.04605
0.05025
0.0464
0.0493
0.034775
0.043025
0.038775
0.034375
0.047625
0.0475
0.0549
0.04205
0.0474
0.046225
0.044375
0.0392
0.043475
0.03925
0.047325
0.0407
