0.0418
0.04392
0.042404
0.047096
0.041612
0.041752
0.039904
0.04354
0.0431
0.04542
0.044448
0.042428
0.043224
0.04788
0.046952
0.04446
0.04422
0.0421
0.043224
0.04576
0.043172
0.039624
0.043904
0.0419
0.043448
0.043748
0.047428
0.041448
0.04384
0.047492
0.043964
0.042252
0.042932
0.044152
0.043088
0.042968
0.04374
0.041632
0.038912
0.046564
0.043196
0.044344
0.042924
0.042064
0.048304
0.043436
0.041796
0.040972
0.045684
0.047444
0.0437
0.04262
0.043228
0.043896
0.043768
0.040524
0.041572
0.03976
0.044824
0.042144
0.042404
0.038672
0.047384
0.04478
0.04674
0.044768
0.042852
0.049492
0.044588
0.042768
0.042796
0.044788
0.043004
0.04264
0.044588
0.042172
0.040692
0.049592
0.041004
0.042908
0.042808
0.045088
0.042892
0.044812
0.042292
0.04384
0.044376
0.04134
0.040512
0.04796
0.041436
0.038876
0.048076
0.044648
0.044756
0.050804
0.039
0.043472
0.045416
0.040648
0.044224
