0.043692
0.043179
0.04416
0.043237
0.042552
0.04421
0.0427
0.04499
0.044308
0.042384
0.042669
0.043774
0.044207
0.044634
0.046099
0.043306
0.045137
0.044388
0.045609
0.041846
0.040598
0.044553
0.042178
0.042042
0.043835
0.0431
0.043255
0.040407
0.044243
0.044185
0.043266
0.041752
0.044268
0.044357
0.043879
0.045464
0.043583
0.042179
0.045622
0.043161
0.044704
0.043956
0.042368
0.042021
0.042306
0.043331
0.042159
0.043313
0.044726
0.043811
0.042144
0.044416
0.041884
0.042784
0.042196
0.043838
0.044851
0.043717
0.04256
0.043232
0.041529
0.042995
0.040903
0.04229
0.04491
0.044302
0.044463
0.042563
0.042974
0.040947
0.042379
0.041527
0.043623
0.043537
0.041737
0.042818
0.043093
0.04363
0.042599
0.043549
0.042146
0.044474
0.045002
0.041401
0.045766
0.042647
0.043561
0.04356
0.042773
0.042549
0.04343
0.042447
0.043672
0.041781
0.043345
0.045061
0.044777
0.042701
0.043391
0.043746
0.042993
